286986 159 
126303 421 3337 
132720 84 955 7742 
202734 62552 3839 2521 89 
315706 17986 99310 71779 60808 97 
294705 82 160 13177 124082 2198 4028 
262595 2306 64850 2150 116396 12954 82241 12767 
297534 2444 61833 2413 9274 79514 61040 60038 84003 
320850 59514 61106 61093 65153 41821 3041 2467 1190 1235 
10219245557 18423 
10402497899 1037 1891 
10487956796 923 1250 19870 
10726321396 18457 18055 14385 1009 
10320077425 13147 1070 18428 1246 18395 
10764274861 704 1016 1258 19299 973 18265 
10762340316 1111 14485 18560 18412 18412 5398 20611 
11088332618 17856 901 17795 18318 920 1010 20828 1018 
10134182899 986 1267 23431 800 1008 14550 18330 968 1037 
9416347746 1 
28001577982 1 1 
43474726382 1 1 1 
76325575463 1 1 1 1 
144334756386 1 1 1 1 1 
