180153 214 
201352 193 13555 
203465 509 538 433 
206739 536 508 475 95 
191535 514 432 530 426 101 
25960174 181716 284608 282100 255483 284610 269794 
1716986 501 492 437 76946 18441 60149 76830 
23330612 467 459 448 940000 971417 341124 977762 1028176 
15768465 138 426 449 450 427913 425590 182274 434778 443871 
10636464424 18908 
9541114465 97520 18627 
11017299777 21193 18461 12698 
10834736839 26450 20870 1588 1527 
10895594667 19427 1625 21021 2535 23949 
10487149713 2670 18029 2725 18499 21788 18097 
10548732073 5692 18659 13058 2931 13241 19163 21949 
10716979353 9143 18540 3841 19708 17896 3358 3611 2639 
10973384905 12860 18865 3334 14307 17979 2270 2731 2713 2553 
8809557260 1 
26539950033 1 1 
136980640870 1 1 1 
