145759 159 
250205 158 18151 
954599 915 10633 50 
6654814 9925 15191 12898 12296 
3327011 8829 4128 15262 513 27178 
275894 152 19113 4417 3867 42057 7517 
3020856 150 153 12353 156 11517 15240 43 
758507 15977 13406 15748 42699 565657 117 15024 42 
487260 89925 5401 39868 47 8467 9718 38163 13673 102175 
9731306341 1247 
10269459210 17901 2717 
10043129662 1242 20954 14519 
10659874268 1373 2527 14408 18241 
10511525716 20656 2097 17898 2284 13929 
10028520939 20922 1263 20563 1320 18355 21651 
10392074036 17499 2101 19959 13254 18219 1643 22764 
10891656585 18453 3710 17813 2656 18355 16597 18265 1227 
10878621711 13604 18131 12785 12924 1880 2674 16751 18217 1778 
9009004347 1 
18720190788 1 1 
31433776345 1 1 1 
38155549006 1 1 1 1 
49650683440 1 1 1 1 1 
